sdb             76.94   19.69   1814.19   4539.12   161.47   285.50  67.73  93.55    8.26    7.53   0.68    23.58   230.56   1.41  13.66
sdb             17.00   70.00     92.00    408.00     5.00    25.00  22.73  26.32    6.88    0.29   0.10     5.41     5.83   0.78   6.80
sdb            108.00    0.00    500.00      0.00    17.00     0.00  13.60   0.00    8.04    0.00   0.68     4.63     0.00   3.30  35.60
sdb            175.00    0.00    948.00      0.00     1.00     0.00   0.57   0.00    6.54    0.00   0.88     5.42     0.00   2.49  43.60
sdb            191.00    2.00    916.00     92.00     9.00    21.00   4.50  91.30    5.14   13.00   0.79     4.80    46.00   2.13  41.20
sdb              5.00    0.00     20.00      0.00     0.00     0.00   0.00   0.00   30.20    0.00   0.14     4.00     0.00   5.60   2.80
sdb              0.00   85.00      0.00    396.00     0.00     2.00   0.00   2.30    0.00    0.25   0.00     0.00     4.66   0.14   1.20
sdb             12.00    2.00    212.00     80.00     7.00    18.00  36.84  90.00   11.33    3.00   0.12    17.67    40.00   4.00   5.60
sdb              3.00    0.00     16.00      0.00     1.00     0.00  25.00   0.00   19.00    0.00   0.05     5.33     0.00   5.33   1.60
sdb             76.17   19.41   1780.41   4421.48   157.76   278.11  67.44  93.47    8.23    7.45   0.67    23.38   227.74   1.41  13.52
sdb              3.00   68.00     12.00    436.00     0.00    33.00   0.00  32.67   35.67    0.29   0.10     4.00     6.41   0.45   3.20
sdb              0.00    0.00      0.00      0.00     0.00     0.00   0.00   0.00    0.00    0.00   0.00     0.00     0.00   0.00   0.00
sdb              0.00    0.00      0.00      0.00     0.00     0.00   0.00   0.00    0.00    0.00   0.00     0.00     0.00   0.00   0.00
sdb            109.00    0.00  69552.00      0.00    48.00     0.00  30.57   0.00   14.94    0.00   1.43   638.09     0.00   3.38  36.80
sdb            103.00    0.00  97324.00      0.00     3.00     0.00   2.83   0.00   18.97    0.00   1.72   944.89     0.00   4.43  45.60
sdb            119.00    0.00 119828.00      0.00     3.00     0.00   2.46   0.00   16.27    0.00   1.65  1006.96     0.00   4.57  54.40
sdb            117.00   61.00 117808.00    384.00    10.00    31.00   7.87  33.70   13.02    7.16   1.62  1006.91     6.30   2.83  50.40
sdb            120.00    0.00 122880.00      0.00     0.00     0.00   0.00   0.00   16.06    0.00   1.61  1024.00     0.00   4.67  56.00
sdb            115.00    0.00 111696.00      0.00    14.00     0.00  10.85   0.00   16.83    0.00   1.64   971.27     0.00   4.45  51.20
sdb            112.00    0.00 109616.00      0.00     7.00     0.00   5.88   0.00   17.37    0.00   1.66   978.71     0.00   4.39  49.20
sdb            116.00    0.00 118784.00      0.00     0.00     0.00   0.00   0.00   16.72    0.00   1.64  1024.00     0.00   4.55  52.80
sdb            123.00   45.00 107724.00    316.00    33.00    23.00  21.15  33.82   13.29    7.51   1.65   875.80     7.02   2.83  47.60
sdb             80.00   24.00  75924.00    100.00     0.00     0.00   0.00   0.00   13.18    8.38   1.04   949.05     4.17   3.04  31.60
sdb              1.00    0.00      4.00      0.00     0.00     0.00   0.00   0.00   20.00    0.00   0.02     4.00     0.00   8.00   0.80
sdb              1.00    0.00      4.00      0.00     0.00     0.00   0.00   0.00  101.00    0.00   0.10     4.00     0.00   8.00   0.80
sdb              1.00    0.00      4.00      0.00     0.00     0.00   0.00   0.00  100.00    0.00   0.10     4.00     0.00   8.00   0.80
sdb              0.00    4.00      0.00    128.00     0.00    28.00   0.00  87.50    0.00    0.25   0.00     0.00    32.00   2.00   0.80
sdb            163.00   43.00   1440.00    192.00   197.00     1.00  54.72   2.27    7.88    3.79   1.23     8.83     4.47   1.71  35.20
sdb            410.00    0.00   7600.00      0.00  1376.00     0.00  77.04   0.00    3.16    0.00   1.01    18.54     0.00   1.12  46.00
sdb            137.00    0.00   2724.00      0.00   544.00     0.00  79.88   0.00    1.72    0.00   0.17    19.88     0.00   0.93  12.80
sdb              0.00    0.00      0.00      0.00     0.00     0.00   0.00   0.00    0.00    0.00   0.00     0.00     0.00   0.00   0.00
sdb             94.00   14.00   3412.00    172.00     0.00    29.00   0.00  67.44   16.37    3.86   1.40    36.30    12.29   2.81  30.40
sdb            145.00   77.00   4888.00    420.00     8.00     6.00   5.23   7.23   12.15    3.23   1.73    33.71     5.45   1.51  33.60
sdb            115.00   15.00   3924.00     80.00     1.00     0.00   0.86   0.00   11.23   10.33   1.23    34.12     5.33   2.95  38.40
sdb            120.00    0.00   3744.00      0.00    76.00     0.00  38.78   0.00   11.27    0.00   1.18    31.20     0.00   2.63  31.60
sdb             31.00    0.00    312.00      0.00     0.00     0.00   0.00   0.00   14.58    0.00   0.40    10.06     0.00   2.58   8.00
sdb              1.00    0.00      4.00      0.00     0.00     0.00   0.00   0.00    0.00    0.00   0.00     4.00     0.00   4.00   0.40
sdb             18.00    2.00    760.00     28.00     0.00     5.00   0.00  71.43   10.83    0.00   0.16    42.22    14.00   3.20   6.40
sdb              0.00   40.00      0.00    312.00     0.00    10.00   0.00  20.00    0.00    0.35   0.00     0.00     7.80   0.20   0.80
sdb              0.00    0.00      0.00      0.00     0.00     0.00   0.00   0.00    0.00    0.00   0.00     0.00     0.00   0.00   0.00
sdb              0.00    0.00      0.00      0.00     0.00     0.00   0.00   0.00    0.00    0.00   0.00     0.00     0.00   0.00   0.00
sdb              0.00    0.00      0.00      0.00     0.00     0.00   0.00   0.00    0.00    0.00   0.00     0.00     0.00   0.00   0.00
sdb             62.00    5.00   2424.00    156.00    19.00    14.00  23.46  73.68   14.55    0.20   0.84    39.10    31.20   1.85  12.40
sdb            163.00   63.00    884.00    452.00    27.00    20.00  14.21  24.10    8.74    1.29   1.39     5.42     7.17   0.55  12.40
sdb              1.00    0.00      4.00      0.00     0.00     0.00   0.00   0.00   50.00    0.00   0.05     4.00     0.00   8.00   0.80
sdb              2.00    0.00      8.00      0.00     0.00     0.00   0.00   0.00   57.00    0.00   0.11     4.00     0.00   8.00   1.60
sdb             17.00    0.00     80.00      0.00     3.00     0.00  15.00   0.00    8.12    0.00   0.10     4.71     0.00   2.12   3.60
sdb              1.00    2.00      4.00     60.00     0.00    13.00   0.00  86.67   21.00    0.00   0.02     4.00    30.00   4.00   1.20
sdb              4.00    0.00     16.00      0.00     0.00     0.00   0.00   0.00    9.00    0.00   0.03     4.00     0.00   4.00   1.60
sdb              2.00   66.00      8.00    404.00     0.00    25.00   0.00  27.47   57.00    0.30   0.11     4.00     6.12   0.35   2.40
sdb              0.00    0.00      0.00      0.00     0.00     0.00   0.00   0.00    0.00    0.00   0.00     0.00     0.00   0.00   0.00
sdb             23.00    0.00    864.00      0.00     0.00     0.00   0.00   0.00   31.78    0.00   0.69    37.57     0.00   3.65   8.40
sdb              1.00    0.00      4.00      0.00     0.00     0.00   0.00   0.00  102.00    0.00   0.10     4.00     0.00   8.00   0.80
sdb              0.00    2.00      0.00     36.00     0.00     7.00   0.00  77.78    0.00    0.50   0.00     0.00    18.00   2.00   0.40
sdb              5.00   92.00     36.00    612.00     4.00    25.00  44.44  21.37   47.60    0.14   0.23     7.20     6.65   0.41   4.00
sdb              8.00    0.00     32.00      0.00     0.00     0.00   0.00   0.00   19.88    0.00   0.14     4.00     0.00   6.50   5.20
sdb             11.00    0.00     48.00      0.00     1.00     0.00   8.33   0.00   14.73    0.00   0.15     4.36     0.00   3.64   4.00
sdb             35.00    0.00    176.00      0.00     9.00     0.00  20.45   0.00   10.40    0.00   0.29     5.03     0.00   4.11  14.40
sdb              0.00    2.00      0.00     44.00     0.00     9.00   0.00  81.82    0.00    0.00   0.00     0.00    22.00   2.00   0.40
sdb              1.00   32.00      4.00    208.00     0.00    10.00   0.00  23.81   99.00    2.38   0.16     4.00     6.50   0.48   1.60
sdb              4.00    0.00     16.00      0.00     0.00     0.00   0.00   0.00   25.50    0.00   0.10     4.00     0.00   5.00   2.00
sdb              3.00    0.00     12.00      0.00     0.00     0.00   0.00   0.00    9.00    0.00   0.02     4.00     0.00   5.33   1.60
sdb              7.00    9.00     36.00    232.00     2.00    29.00  22.22  76.32    3.29    0.22   0.02     5.14    25.78   1.75   2.80
sdb              4.00    0.00     16.00      0.00     0.00     0.00   0.00   0.00    5.50    0.00   0.02     4.00     0.00   5.00   2.00
sdb              0.00   49.00      0.00    240.00     0.00     2.00   0.00   3.92    0.00    0.24   0.00     0.00     4.90   0.16   0.80
sdb              0.00    0.00      0.00      0.00     0.00     0.00   0.00   0.00    0.00    0.00   0.00     0.00     0.00   0.00   0.00
sdb              3.00    0.00     12.00      0.00     0.00     0.00   0.00   0.00   67.33    0.00   0.20     4.00     0.00   6.67   2.00
sdb              0.00    0.00      0.00      0.00     0.00     0.00   0.00   0.00    0.00    0.00   0.00     0.00     0.00   0.00   0.00
sdb              0.00    4.00      0.00    132.00     0.00    29.00   0.00  87.88    0.00    0.25   0.00     0.00    33.00   2.00   0.80
sdb              1.00   58.00      4.00    280.00     0.00     4.00   0.00   6.45   99.00    0.24   0.10     4.00     4.83   0.27   1.60
sdb             39.00    0.00    160.00      0.00     1.00     0.00   2.50   0.00    6.54    0.00   0.20     4.10     0.00   2.56  10.00
sdb              1.00    0.00      4.00      0.00     0.00     0.00   0.00   0.00    0.00    0.00   0.00     4.00     0.00   4.00   0.40
sdb              1.00    0.00     16.00      0.00     3.00     0.00  75.00   0.00    1.00    0.00   0.00    16.00     0.00  12.00   1.20
sdb              2.00    2.00      8.00     52.00     0.00    11.00   0.00  84.62   54.50   42.00   0.19     4.00    26.00   3.00   1.20
sdb              4.00   53.00     20.00    324.00     1.00    20.00  20.00  27.40   24.50    0.26   0.10     5.00     6.11   0.49   2.80
sdb              6.00    0.00     52.00      0.00     7.00     0.00  53.85   0.00   19.50    0.00   0.11     8.67     0.00   2.67   1.60
sdb              1.00    0.00      8.00      0.00     1.00     0.00  50.00   0.00    0.00    0.00   0.00     8.00     0.00   4.00   0.40
sdb              1.00    0.00     16.00      0.00     3.00     0.00  75.00   0.00    0.00    0.00   0.00    16.00     0.00   4.00   0.40
sdb              1.00    2.00      4.00     24.00     0.00     4.00   0.00  66.67   93.00    0.00   0.09     4.00    12.00   4.00   1.20
sdb              3.00   83.00     12.00    456.00     0.00    22.00   0.00  20.95   16.00    0.24   0.04     4.00     5.49   0.37   3.20
sdb              1.00    0.00      4.00      0.00     0.00     0.00   0.00   0.00    1.00    0.00   0.00     4.00     0.00   4.00   0.40
sdb              4.00    0.00     16.00      0.00     0.00     0.00   0.00   0.00   55.00    0.00   0.21     4.00     0.00   8.00   3.20
sdb              4.00    0.00     24.00      0.00     2.00     0.00  33.33   0.00   23.75    0.00   0.09     6.00     0.00   2.00   0.80
sdb              0.00    2.00      0.00     28.00     0.00     5.00   0.00  71.43    0.00    0.00   0.00     0.00    14.00   2.00   0.40
sdb              4.00   45.00     16.00    312.00     0.00    23.00   0.00  33.82   31.75    1.44   0.16     4.00     6.93   0.65   3.20
sdb              0.00    0.00      0.00      0.00     0.00     0.00   0.00   0.00    0.00    0.00   0.00     0.00     0.00   0.00   0.00
sdb              0.00    0.00      0.00      0.00     0.00     0.00   0.00   0.00    0.00    0.00   0.00     0.00     0.00   0.00   0.00
sdb             18.00    0.00     84.00      0.00     3.00     0.00  14.29   0.00   16.94    0.00   0.28     4.67     0.00   2.44   4.40
sdb              3.00    2.00     12.00     28.00     0.00     5.00   0.00  71.43   13.00    0.50   0.03     4.00    14.00   4.80   2.40
sdb              1.00    0.00      4.00      0.00     0.00     0.00   0.00   0.00    0.00    0.00   0.00     4.00     0.00   4.00   0.40
sdb              0.00   62.00      0.00    388.00     0.00    23.00   0.00  27.06    0.00    0.27   0.00     0.00     6.26   0.19   1.20
sdb              0.00    0.00      0.00      0.00     0.00     0.00   0.00   0.00    0.00    0.00   0.00     0.00     0.00   0.00   0.00
sdb              5.00    0.00     24.00      0.00     1.00     0.00  16.67   0.00    0.20    0.00   0.00     4.80     0.00   2.40   1.20
sdb              0.00    2.00      0.00     28.00     0.00     5.00   0.00  71.43    0.00    0.50   0.00     0.00    14.00   2.00   0.40
sdb              0.00    0.00      0.00      0.00     0.00     0.00   0.00   0.00    0.00    0.00   0.00     0.00     0.00   0.00   0.00
sdb            230.00   56.00    980.00    348.00    15.00    22.00   6.12  28.21    3.12    0.23   0.50     4.26     6.21   1.36  38.80
sdb            415.00    0.00   1888.00      0.00    57.00     0.00  12.08   0.00    1.81    0.00   0.53     4.55     0.00   0.90  37.20
sdb            112.00    0.00    460.00      0.00     3.00     0.00   2.61   0.00    9.50    0.00   0.89     4.11     0.00   1.96  22.00
sdb              0.00    2.00      0.00     56.00     0.00    12.00   0.00  85.71    0.00    0.50   0.00     0.00    28.00   2.00   0.40
sdb             36.00    0.00    180.00      0.00     9.00     0.00  20.00   0.00    7.50    0.00   0.23     5.00     0.00   2.33   8.40
sdb             48.00   80.00    284.00    460.00    23.00    23.00  32.39  22.33    2.65    0.25   0.09     5.92     5.75   0.56   7.20
sdb              1.00    0.00      4.00      0.00     0.00     0.00   0.00   0.00   98.00    0.00   0.10     4.00     0.00   8.00   0.80
sdb             40.00    0.00    312.00      0.00    35.00     0.00  46.67   0.00   10.82    0.00   0.37     7.80     0.00   3.70  14.80
sdb              1.00    2.00      8.00     28.00     1.00     5.00  50.00  71.43  101.00    0.00   0.10     8.00    14.00   4.00   1.20
sdb              6.00    0.00     24.00      0.00     0.00     0.00   0.00   0.00   21.33    0.00   0.12     4.00     0.00   4.67   2.80
sdb              3.00   59.00     12.00    380.00     0.00    20.00   0.00  25.32    7.00    0.19   0.01     4.00     6.44   0.39   2.40
sdb              2.00    0.00      8.00      0.00     0.00     0.00   0.00   0.00    6.00    0.00   0.01     4.00     0.00   4.00   0.80
sdb              0.00    0.00      0.00      0.00     0.00     0.00   0.00   0.00    0.00    0.00   0.00     0.00     0.00   0.00   0.00
sdb              0.00    2.00      0.00     28.00     0.00     5.00   0.00  71.43    0.00    0.00   0.00     0.00    14.00   2.00   0.40
sdb              2.00    0.00      8.00      0.00     0.00     0.00   0.00   0.00   53.00    0.00   0.10     4.00     0.00   6.00   1.20
sdb              0.00   55.00      0.00    340.00     0.00    20.00   0.00  26.67    0.00    0.31   0.00     0.00     6.18   0.22   1.20
sdb              0.00    0.00      0.00      0.00     0.00     0.00   0.00   0.00    0.00    0.00   0.00     0.00     0.00   0.00   0.00
sdb             10.00    0.00     44.00      0.00     1.00     0.00   9.09   0.00   13.80    0.00   0.13     4.40     0.00   2.40   2.40
sdb              0.00    2.00      0.00     28.00     0.00     5.00   0.00  71.43    0.00    0.00   0.00     0.00    14.00   2.00   0.40
sdb              0.00    0.00      0.00      0.00     0.00     0.00   0.00   0.00    0.00    0.00   0.00     0.00     0.00   0.00   0.00
sdb              0.00   22.00      0.00    152.00     0.00     9.00   0.00  29.03    0.00    0.32   0.00     0.00     6.91   0.18   0.40
sdb              0.00    1.00      0.00    404.00     0.00     0.00   0.00   0.00    0.00    1.00   0.00     0.00   404.00   4.00   0.40
sdb             17.00    0.00     84.00      0.00     4.00     0.00  19.05   0.00   10.88    0.00   0.16     4.94     0.00   2.35   4.00
sdb              1.00    2.00      4.00     60.00     0.00    13.00   0.00  86.67   21.00    0.00   0.02     4.00    30.00   4.00   1.20
sdb              3.00    0.00     12.00      0.00     0.00     0.00   0.00   0.00   38.33    0.00   0.11     4.00     0.00   5.33   1.60
sdb              0.00    0.00      0.00      0.00     0.00     0.00   0.00   0.00    0.00    0.00   0.00     0.00     0.00   0.00   0.00
sdb              0.00    2.00      0.00     12.00     0.00     1.00   0.00  33.33    0.00    0.50   0.00     0.00     6.00   2.00   0.40
sdb              3.00    0.00     16.00      0.00     1.00     0.00  25.00   0.00    0.00    0.00   0.00     5.33     0.00   1.33   0.40
sdb              3.00    2.00     24.00     16.00     1.00     2.00  25.00  50.00   15.00    0.00   0.04     8.00     8.00   4.00   2.00
sdb              2.00    0.00     12.00      0.00     0.00     0.00   0.00   0.00   99.50    0.00   0.19     6.00     0.00   2.00   0.40
sdb              0.00    0.00      0.00      0.00     0.00     0.00   0.00   0.00    0.00    0.00   0.00     0.00     0.00   0.00   0.00
sdb              0.00   16.00      0.00    144.00     0.00    10.00   0.00  38.46    0.00    0.25   0.00     0.00     9.00   0.25   0.40
sdb              0.00    0.00      0.00      0.00     0.00     0.00   0.00   0.00    0.00    0.00   0.00     0.00     0.00   0.00   0.00
sdb              0.00    0.00      0.00      0.00     0.00     0.00   0.00   0.00    0.00    0.00   0.00     0.00     0.00   0.00   0.00
sdb              0.00    0.00      0.00      0.00     0.00     0.00   0.00   0.00    0.00    0.00   0.00     0.00     0.00   0.00   0.00
sdb              3.00    0.00     12.00      0.00     0.00     0.00   0.00   0.00   37.00    0.00   0.10     4.00     0.00   4.00   1.20
sdb              0.00    0.00      0.00      0.00     0.00     0.00   0.00   0.00    0.00    0.00   0.00     0.00     0.00   0.00   0.40
sdb              3.00    2.00     24.00     20.00     3.00     3.00  50.00  60.00   31.67    9.00   0.11     8.00    10.00   4.00   2.00
sdb              0.00    0.00      0.00      0.00     0.00     0.00   0.00   0.00    0.00    0.00   0.00     0.00     0.00   0.00   0.00
sdb              3.00    3.00     16.00     96.00     1.00     7.00  25.00  70.00    0.33    0.33   0.00     5.33    32.00   2.00   1.20
sdb              0.00    0.00      0.00      0.00     0.00     0.00   0.00   0.00    0.00    0.00   0.00     0.00     0.00   0.00   0.00
sdb              3.00   68.00     16.00    396.00     1.00     5.00  25.00   6.85    7.00    0.29   0.02     5.33     5.82   0.45   3.20
sdb              0.00    2.00      0.00     92.00     0.00    21.00   0.00  91.30    0.00    0.50   0.00     0.00    46.00   2.00   0.40
sdb              1.00    0.00      4.00      0.00     0.00     0.00   0.00   0.00    0.00    0.00   0.00     4.00     0.00   4.00   0.40
sdb              0.00    0.00      0.00      0.00     0.00     0.00   0.00   0.00    0.00    0.00   0.00     0.00     0.00   0.00   0.00
sdb              3.00    2.00     12.00     60.00     0.00    13.00   0.00  86.67    6.00    0.00   0.02     4.00    30.00   3.20   1.60
sdb              0.00   28.00      0.00    168.00     0.00     7.00   0.00  20.00    0.00    0.29   0.00     0.00     6.00   0.29   0.80
sdb              5.00    0.00     32.00      0.00     3.00     0.00  37.50   0.00   19.80    0.00   0.10     6.40     0.00   3.20   1.60
sdb              2.00    0.00     20.00      0.00     3.00     0.00  60.00   0.00   50.00    0.00   0.10    10.00     0.00   6.00   1.20
sdb              1.00    0.00      4.00      0.00     0.00     0.00   0.00   0.00  100.00    0.00   0.10     4.00     0.00   8.00   0.80
sdb              1.00    2.00      4.00     28.00     0.00     5.00   0.00  71.43    0.00    0.50   0.00     4.00    14.00   2.67   0.80
sdb              2.00   13.00     12.00     92.00     1.00     2.00  33.33  13.33   50.50    0.23   0.10     6.00     7.08   1.07   1.60
sdb             23.00    0.00    124.00      0.00     8.00     0.00  25.81   0.00   17.22    0.00   0.36     5.39     0.00   2.78   6.40
sdb              2.00    0.00      8.00      0.00     0.00     0.00   0.00   0.00    0.50    0.00   0.00     4.00     0.00   4.00   0.80
sdb              2.00    0.00      8.00      0.00     0.00     0.00   0.00   0.00   48.50    0.00   0.10     4.00     0.00   4.00   0.80
sdb              1.00    2.00      4.00     28.00     0.00     5.00   0.00  71.43  106.00    0.00   0.10     4.00    14.00   4.00   1.20
sdb              2.00   12.00      8.00     92.00     0.00     2.00   0.00  14.29   50.50    5.25   0.16     4.00     7.67   1.43   2.00
