sdb             24.60   11.36    678.14   2689.58    18.65    13.09  43.13  53.55    6.83    6.05   0.21    27.57   236.81   1.33   4.77
sdb              0.00    0.00      0.00      0.00     0.00     0.00   0.00   0.00    0.00    0.00   0.00     0.00     0.00   0.00   0.00
sdb              0.00   69.00      0.00    516.00     0.00    51.00   0.00  42.50    0.00    0.49   0.02     0.00     7.48   0.23   1.60
sdb              0.00    0.00      0.00      0.00     0.00     0.00   0.00   0.00    0.00    0.00   0.00     0.00     0.00   0.00   0.00
sdb             15.00   95.00    152.00  22808.00     0.00     3.00   0.00   3.06   16.07    4.11   0.53    10.13   240.08   1.13  12.40
sdb              0.00  165.00      0.00 113320.00     0.00     9.00   0.00   5.17    0.00   12.12   1.74     0.00   686.79   2.84  46.80
sdb              9.00  137.00    508.00  91664.00     0.00    20.00   0.00  12.74   24.44   12.98   1.76    56.44   669.08   2.33  34.00
sdb              0.00  107.00      0.00  95348.00     0.00    21.00   0.00  16.41    0.00   15.65   1.52     0.00   891.10   3.14  33.60
sdb              0.00  131.68      0.00  99469.31     0.00     3.96   0.00   2.92    0.00   17.45   2.13     0.00   755.37   3.04  40.00
sdb              0.00  162.00      0.00 114900.00     0.00     8.00   0.00   4.71    0.00   12.30   1.86     0.00   709.26   2.74  44.40
sdb              0.00  161.00      0.00 116200.00     0.00     9.00   0.00   5.29    0.00   12.40   1.82     0.00   721.74   2.88  46.40
sdb              0.00  126.00      0.00 112500.00     0.00    17.00   0.00  11.89    0.00   15.89   1.86     0.00   892.86   3.43  43.20
sdb              0.00  105.00      0.00 104468.00     0.00     0.00   0.00   0.00    0.00   18.91   1.87     0.00   994.93   3.77  39.60
sdb              0.00  123.00      0.00 114816.00     0.00    20.00   0.00  13.99    0.00   16.22   1.86     0.00   933.46   3.54  43.60
sdb              0.00  137.00      0.00 114800.00     0.00     1.00   0.00   0.72    0.00   14.55   1.85     0.00   837.96   3.30  45.20
sdb              4.00   92.00    112.00  85040.00     0.00     0.00   0.00   0.00   48.50   19.41   1.88    28.00   924.35   3.29  31.60
sdb              2.00  120.00      8.00  93428.00     0.00    25.00   0.00  17.24   36.00   16.23   1.90     4.00   778.57   3.05  37.20
sdb              0.00  113.00      0.00 111644.00     0.00     0.00   0.00   0.00    0.00   17.68   1.88     0.00   988.00   3.79  42.80
sdb              0.00  121.00      0.00 114752.00     0.00     0.00   0.00   0.00    0.00   16.55   1.87     0.00   948.36   3.64  44.00
sdb              3.00  165.00     80.00 112692.00     0.00    11.00   0.00   6.25   12.00   11.93   1.75    26.67   682.98   2.64  44.40
sdb              0.00  146.00      0.00 116732.00     0.00     2.00   0.00   1.35    0.00   13.68   1.78     0.00   799.53   3.26  47.60
sdb              0.00  115.00      0.00  99552.00     0.00    40.00   0.00  25.81    0.00   17.35   1.82     0.00   865.67   3.27  37.60
sdb              0.00  138.00      0.00 109980.00     0.00   105.00   0.00  43.21    0.00   14.44   1.83     0.00   796.96   3.04  42.00
sdb              0.00  119.00      0.00 104804.00     0.00    37.00   0.00  23.72    0.00   16.33   1.81     0.00   880.71   3.29  39.20
sdb              0.00  116.00      0.00 104672.00     0.00    39.00   0.00  25.16    0.00   17.62   1.91     0.00   902.34   3.17  36.80
sdb              1.00  102.00      4.00  99536.00     0.00    47.00   0.00  31.54   53.00   18.56   1.82     4.00   975.84   3.46  35.60
sdb              1.00  122.00      4.00 107840.00     0.00    59.00   0.00  32.60   48.00   15.94   1.84     4.00   883.93   3.28  40.40
sdb              0.00  120.00      0.00 105820.00     0.00    68.00   0.00  36.17    0.00   16.70   1.85     0.00   881.83   3.33  40.00
sdb              0.00  148.00      0.00 113720.00     0.00     6.00   0.00   3.90    0.00   13.57   1.78     0.00   768.38   3.00  44.40
sdb             21.00  141.00   1080.00  94392.00     0.00    43.00   0.00  23.37   11.00   12.47   1.72    51.43   669.45   2.40  38.80
sdb             30.00  101.00   1088.00  75028.00     1.00    59.00   3.23  36.88   14.03   15.74   1.79    36.27   742.85   2.47  32.40
sdb            106.00   76.00   4040.00  52952.00    32.00    21.00  23.19  21.65   10.37   11.82   1.70    38.11   696.74   1.38  25.20
sdb             81.00  153.00   3112.00  77676.00     2.00    48.00   2.41  23.88    7.67    8.62   1.62    38.42   507.69   1.44  33.60
sdb              6.00  168.00     60.00 105800.00     0.00    30.00   0.00  15.15   12.83   11.70   1.83    10.00   629.76   2.46  42.80
sdb              0.00  144.00      0.00 109764.00     0.00    23.00   0.00  13.77    0.00   13.91   1.82     0.00   762.25   3.11  44.80
sdb              3.00  115.00     12.00  95800.00     0.00    30.00   0.00  20.69    7.33   15.03   1.59     4.00   833.04   2.95  34.80
sdb             26.00  155.00    620.00  83384.00     0.00    30.00   0.00  16.22   16.81   11.39   2.01    23.85   537.96   1.86  33.60
sdb              4.00  154.00    192.00 102796.00     0.00     4.00   0.00   2.53   24.50   11.95   1.75    48.00   667.51   2.66  42.00
